-0.11255 -0.62954 0.047521 0.075577 0.010885 0.054628 0.044025 -0.026633 0.74308 -0.15282 -0.018202 -0.02506 0.016022 -0.016 -0.016969 0.0038067
-0.4609 0.31731 -0.018484 0.072657 -0.0069993 0.057874 0.044749 0.013971 -0.59198 0.56349 -0.05079 0.014481 0.049457 0.016977 0.030632 -0.035329
-0.10122 -0.31741 -0.019324 0.022433 0.029617 -0.052415 0.057895 -0.031501 0.745 -0.56502 -0.0247 0.035321 0.026794 0.0032383 -0.021263 0.053422
0.23643 0.042621 0.037349 -0.014097 0.011398 0.00055958 -0.074893 -0.033383 -0.71372 0.64668 -0.022405 0.020958 0.030669 0.029297 -0.058795 0.0073483
0.65734 0.45126 -0.036268 -0.044339 0.028255 -0.013982 0.023657 0.010607 -0.36855 0.46726 -0.014223 0.010886 0.002082 0.024843 0.03703 -0.053341
-0.74003 0.64377 0.035063 -0.018587 0.025046 0.06376 0.029225 0.004513 -0.13877 -0.082249 0.018394 0.0079867 0.019403 -0.022458 0.00083722 -0.058833
-0.72964 0.4063 0.011081 -0.028646 -0.017971 -0.024593 -0.039986 0.041699 -0.1914 0.50764 -0.0177 -0.024261 0.026377 -0.00074512 0.030932 0.021154
0.082373 -0.48256 0.0032422 -0.033436 0.026609 0.04128 0.036227 0.030806 -0.74878 0.43447 0.041944 0.025177 0.018052 0.043851 -0.018008 -0.0121
-0.08279 0.25454 -0.021435 0.020498 -0.032122 -0.030302 0.004926 0.031497 -0.74831 0.59696 -0.042396 0.043917 0.037643 -0.026832 -0.044841 0.017262
-0.42197 0.57411 0.036228 -0.069184 -0.037781 -0.034724 0.014833 -0.012904 0.62119 -0.299 -0.042929 -0.018284 -0.032167 -0.018359 0.050265 0.043098
-0.68228 0.50021 -0.00092286 -0.058437 -0.033312 -0.0014508 -0.061252 -0.020154 0.31239 0.41009 0.038376 0.041341 -0.019737 0.029183 -0.04048 -0.061417
0.078346 -0.61805 0.061412 -0.02843 -0.058193 0.0066377 -0.04156 -0.034002 0.74783 0.19519 -0.021124 -0.0068871 -0.0046084 0.047258 0.0050199 -0.029528
0.59586 -0.40477 -0.023777 0.0035272 -0.011144 0.037591 0.016979 -0.02368 0.46225 -0.50864 0.0020882 -0.034409 -0.036878 -0.031547 -0.016705 0.043936
0.52148 0.63807 -0.047417 0.033093 0.056702 -0.013924 -0.033278 -0.032876 -0.54184 0.11427 0.0054291 0.056093 -0.013572 -0.043779 0.0016212 0.0077069
0.1741 -0.61168 -0.050715 0.012602 0.042959 0.029772 0.02693 -0.038069 -0.73152 0.2144 0.025724 -0.030829 0.02436 0.0321 0.049382 0.033768
-0.50326 0.2207 -0.030551 -0.020073 0.018685 0.05214 0.032331 -0.0042483 0.56157 0.61138 0.003539 0.034475 -0.0079466 -0.03533 0.010914 -0.027655
0.74849 0.31869 0.052192 -0.0413 0.0386 -0.025821 0.012395 -0.014779 -0.081811 0.56539 0.01066 -0.013991 -0.042483 -0.039681 0.029822 0.017225
0.011032 -0.14443 -0.032197 -0.0017504 0.016899 0.031209 -0.0081307 -0.025064 0.75381 0.63358 -0.025615 0.025461 -0.042034 -0.0066627 -0.040223 0.040484
-0.6407 -0.6334 -0.015246 -0.013162 -0.020657 0.03035 0.035968 -0.0092878 -0.39927 0.14916 -0.034942 -0.032287 -0.021463 0.0063951 0.016288 0.021705
0.43864 -0.10723 -0.02318 -0.044419 -0.053467 0.024603 -0.035098 0.034277 0.61286 0.64073 0.010404 -0.0051825 0.017405 -0.029363 -0.0021073 -0.016625
-0.38609 0.648 -0.022382 -0.018797 0.039496 0.070303 -0.036285 -0.048635 -0.6458 0.026908 -0.014658 0.017558 -0.028338 0.00050011 0.010578 0.02779
0.052694 0.53108 -0.00382 0.00052981 0.013444 -0.0094451 0.025429 -0.054198 0.7517 -0.37396 0.041403 -0.028789 0.031372 0.045213 0.016052 -0.024163
-0.71858 -0.37833 0.0014455 -0.030818 -0.019659 -0.028971 0.021234 0.016063 0.22754 -0.52819 -0.030108 0.045676 -0.027469 0.018559 -0.03974 -0.034565
-0.73338 -0.16421 -0.05765 0.056435 0.0089454 0.045745 0.035068 0.043159 -0.16371 -0.62655 -0.0050531 -0.0080734 0.040121 0.035053 0.028238 0.017892
0.43169 -0.64322 -0.020646 -0.010125 -0.0075882 -0.022437 -0.023713 0.02577 -0.61837 0.094056 0.017747 -0.016044 -0.05741 -0.0016258 0.036347 0.034337
-0.34325 -0.56284 -0.0059938 0.01298 0.021468 -0.046511 0.027469 -0.023496 0.66925 0.32178 0.060056 0.035229 -0.056038 0.024492 -0.0281 0.020778
0.43378 0.63949 -0.036411 0.036173 -0.032915 0.031118 0.02272 -0.019686 -0.61453 -0.10699 -0.0013677 -0.038637 -0.017659 0.044106 0.065129 0.014251
0.39087 -0.61635 0.043562 -0.016701 -0.025488 0.013564 0.022028 0.033182 -0.64472 -0.20608 -0.026006 -0.038745 -0.01263 -0.040023 -0.025119 -0.0057544
0.034504 -0.36214 0.036686 -0.043346 -0.026112 -0.013795 0.042967 0.045639 0.74994 -0.53629 0.020807 -0.038545 -0.035983 -0.067183 -0.042364 -0.0098494
-0.46709 0.61907 -0.051446 0.011127 0.031373 0.015443 0.016338 0.018701 0.59089 0.19565 0.0059972 0.027772 0.029858 0.049774 0.020821 0.043945
-0.70663 -0.44447 -0.021418 0.012228 0.053706 0.067399 0.028953 0.015404 -0.25793 -0.4721 0.013558 0.039831 -0.024304 0.037453 0.022161 0.018551
0.34071 -0.50175 0.040856 0.051856 0.088727 -0.017431 -0.01585 -0.020027 0.66543 0.40434 0.044467 0.010021 -0.046112 0.058141 0.060653 0.037843
0.74264 -0.63765 -0.0095337 0.026133 -0.0097539 -0.032547 -0.048653 0.00027622 -0.13112 -0.12627 -0.026643 -0.0027892 0.04619 0.021316 0.013407 -0.031155
-0.078824 -0.10481 -0.02502 0.023222 -0.04202 -0.011452 0.040696 0.007953 -0.74856 -0.64029 -0.0085898 0.050305 -0.025715 0.039407 0.044399 0.030271
-0.19844 0.60166 -0.0069563 0.0286 -0.039313 -0.00025635 -0.060138 0.029516 0.72603 0.24271 0.024907 0.0084241 0.00070955 -0.037825 -0.056977 0.018322
-0.1517 -0.21747 0.006688 -0.0054439 -0.0090324 -0.046812 -0.037482 0.040639 -0.73778 -0.61175 -0.057137 0.02568 -0.019563 -0.01441 0.031005 0.016261
0.16521 0.58234 -0.029955 0.038218 -0.014819 0.025356 0.022892 -0.018657 -0.73389 -0.28519 -0.056564 0.040654 -0.059032 0.020587 0.020326 -0.019916
0.12439 -0.41898 0.014972 0.021397 0.0022958 0.010525 -0.035642 -0.047094 -0.74301 0.49612 0.048826 0.012698 -0.039427 0.034056 0.03268 -0.012953
-0.17274 -0.54077 0.041076 -0.019995 -0.01503 -0.00096068 -0.027624 -0.032634 0.73407 -0.3607 -0.013752 0.010128 -0.033762 -0.035135 0.013958 -0.041927
0.70368 -0.2416 0.0018772 -0.0058258 0.037619 0.026633 0.033326 0.048714 0.2706 0.60328 -0.029742 -0.013462 0.036812 0.027662 0.021395 0.0023562
0.16931 0.012592 0.02443 -0.0099461 -0.037004 0.012994 0.0099022 0.032122 0.73549 0.65043 -0.02345 -0.025914 -0.011158 0.028258 0.037157 0.016641
-0.59576 -0.49811 0.02094 -0.029054 0.011556 -0.0015407 0.022783 -0.046008 0.45866 -0.41461 0.029531 0.029024 0.017832 -0.056515 -0.028694 0.067684
0.53962 0.6416 -0.0087463 -0.011979 -0.028076 0.061151 0.034062 -0.037548 0.52505 0.097626 0.03865 0.02902 -0.035251 -0.02367 -0.018624 0.012104
0.54831 -0.64866 -0.011774 0.019419 0.060989 -0.031389 -0.013533 0.044474 -0.51683 -0.032939 -0.030385 0.027108 -0.025128 -0.0063979 -0.024102 0.010224
0.14785 -0.58802 -0.026906 -0.00080106 -0.0035866 0.012084 0.026032 0.0028452 -0.73464 -0.26734 0.012086 0.03768 -0.054796 0.076029 0.010904 -0.095745
0.69493 0.38596 -0.039969 -0.027042 0.041667 0.0087706 -0.08916 -0.033351 0.27027 -0.51394 -0.037924 0.037596 -0.0050962 0.046759 -0.1102 -0.022682
0.14034 -0.43563 0.061031 -0.030688 0.016825 0.060477 -0.0068466 -0.029057 0.73808 0.47919 0.036646 -0.032517 0.034427 0.017287 -0.027598 0.044704
-0.70783 0.10576 0.0099958 0.04431 0.045321 -0.043192 0.027316 0.0090851 0.25875 0.64095 -0.03771 -0.0084786 0.0084978 -0.0073614 0.016305 -0.036409
0.59261 -0.50797 0.097082 -0.025718 -0.017983 0.036473 0.028501 -0.016407 0.46078 -0.40082 -0.050059 0.036045 0.012406 -0.0073898 -0.013401 -0.027956
-0.752 0.56572 -0.010402 0.046406 -0.034579 0.046549 -0.024422 0.032314 -0.016136 0.31675 -0.038262 -0.0059226 0.048413 -0.013426 0.03808 -0.033562
0.13812 -0.05951 -0.029828 -0.065983 -0.013488 0.0043629 0.021892 0.021828 0.739 0.64529 -0.048319 0.012737 -0.011663 0.03966 0.042446 -0.049568
-0.37722 0.17466 -0.025649 0.018034 -0.033452 0.051822 -0.024027 0.02584 0.65283 0.626 -0.00028599 -0.014639 -0.030863 0.037585 0.021334 0.0090687
0.53791 -0.12678 -0.045156 0.029961 -0.042202 -0.0039181 0.014962 -0.022346 0.52275 -0.634 -0.051782 -0.064226 0.034142 -0.049817 -0.031031 0.04977
-0.4452 -0.37459 -0.0070526 0.0072533 -0.021111 -0.037164 -0.065181 -0.012361 0.60468 -0.52784 0.041362 0.048976 -0.064216 -0.032482 -0.03632 -0.016923
-0.75255 -0.64458 0.019255 -0.03861 -0.028307 0.043066 0.03303 0.048691 0.021248 0.075043 -0.022503 0.055052 0.010785 -0.014682 0.0088362 -0.013491
-0.017125 -0.29977 0.014223 -0.026843 0.024725 0.026162 0.021132 0.026703 0.75452 0.57736 0.019508 0.040981 0.02312 -0.027988 0.013925 -0.015845
0.49261 -0.58269 0.023199 0.028984 0.0052205 -0.00708 -0.057427 0.053243 -0.57033 -0.28713 0.010832 -0.019015 -0.02191 0.035592 -0.012736 -0.010641
0.08253 -0.35618 0.036413 0.031234 -0.027738 -0.011664 0.034456 0.062408 -0.74835 -0.54249 0.039422 0.0041856 -0.0091373 0.039335 -0.017835 -0.014034
0.3025 0.33035 -0.030199 -0.03171 0.030085 0.037272 -0.020466 0.022503 -0.68821 -0.55746 0.033645 -0.018337 -0.037204 -0.021052 -0.03115 0.074615
0.1014 0.43848 0.030416 -0.050591 -0.069405 0.027024 0.028564 -0.0333 -0.74462 -0.4768 -0.022479 -0.016128 -0.043457 0.035494 -0.025202 0.012464
-0.55921 -0.64622 -0.01588 0.015779 -0.041085 -0.02736 -0.026442 -0.074263 0.50168 0.041773 -0.035705 -0.033171 -0.0297 -0.011901 0.055568 0.024683
-0.71269 -0.49875 -0.044514 -0.031245 -0.022922 0.029687 -0.0091805 -0.034615 -0.24497 0.4162 0.036081 -0.0013561 -0.030225 -0.012781 -0.036214 0.027373
-0.6948 0.64166 -0.041117 -0.03356 -0.015449 -0.046079 -0.054975 0.088574 -0.28251 -0.079098 -0.011792 -0.0014756 0.030202 0.024235 0.0056397 0.041592
-0.60133 0.22351 -0.054779 0.0061378 -0.032883 -0.050803 0.046161 -0.032696 -0.45294 -0.60921 -0.008026 0.0184 0.011504 0.027563 -0.014938 -0.027004
0.060509 -0.11262 -0.036068 -0.030018 0.046401 0.0048931 -0.013825 0.030009 -0.74968 -0.63845 0.018891 -0.066326 -0.021945 -0.03625 -0.037646 0.024054
-0.40343 -0.54931 0.018516 0.046537 0.024928 0.032413 -0.043853 0.013458 -0.63697 -0.34734 0.0066736 0.016892 0.034309 0.0039498 0.021303 -0.029288
-0.74894 -0.068694 0.036034 -0.021521 -0.06333 0.00011461 0.073494 -0.040132 0.014884 0.64203 0.025868 6.6432e-05 -0.032767 -0.050863 0.041371 -0.055774
-0.68283 0.39039 -0.037737 0.033504 -0.041455 -0.0139 -0.027149 0.013638 -0.31826 -0.51892 0.027382 0.02799 0.01746 0.04756 0.021115 -0.029136
0.10477 0.5832 -0.025253 0.038211 0.0057592 0.042132 0.018652 0.019364 -0.74697 0.2874 0.021591 0.00080163 0.027422 0.00033865 0.043911 0.023451
0.74492 0.60335 -0.032043 0.041064 -2.0626e-05 0.021848 -0.020451 -0.0095219 0.12124 -0.24328 0.016703 -0.014561 -0.030901 0.00099293 -0.036582 -0.026117
-0.35024 0.34406 -0.033972 0.027296 0.047667 -0.060566 -0.016577 0.020722 0.66543 -0.54933 0.014668 -0.022725 0.0099134 -0.0090795 -0.056701 0.041541
-0.15546 0.29687 -0.022348 0.012245 0.037732 -0.053568 -0.051157 -0.046375 -0.72324 0.56433 0.029017 0.028635 0.00027945 0.13232 -0.12489 -0.040878
0.25597 -0.34425 -0.046175 -0.0099214 -0.00068895 0.03656 -0.020788 -0.0041624 0.70981 -0.55184 0.023738 -0.022159 0.042702 0.0022076 -0.0030976 0.026492
-0.50666 -0.58274 0.031483 0.043357 0.049329 -0.010055 -0.045896 0.050429 0.55535 -0.28336 0.02748 0.016137 -0.011458 0.05245 -0.027222 -0.01767
-0.69446 0.10882 0.0045576 -0.032838 -0.036028 0.026991 -0.051139 -0.013539 -0.29456 -0.64106 0.039035 0.012844 -0.014267 0.010763 0.0038183 -0.014742
0.42097 0.51537 -0.027783 -0.011611 0.0069352 -0.033757 0.0058467 -0.022365 -0.6239 -0.39406 -0.067849 -0.049419 0.045856 -0.015011 -0.019084 0.016855
0.58498 0.50454 -0.0053914 -0.060308 0.053711 -0.011379 -0.014516 -0.010907 0.47203 0.40651 0.055359 -0.0060916 -0.014992 -0.034102 0.03898 0.046496
-0.57097 0.2503 -0.015624 0.013063 -0.013004 0.044541 -0.018677 -0.038049 0.49107 -0.59895 -0.026707 0.044126 0.031184 0.048405 -0.02961 -0.015513
0.4693 -0.28828 -0.025764 0.035803 0.059463 -0.028418 -0.037003 -0.016289 -0.58832 0.58112 -0.030921 -0.0094743 0.030166 -0.015019 0.024443 0.046097
-0.65667 0.51328 0.01472 -0.04676 -0.0034849 0.060236 0.036005 0.00020437 -0.36795 -0.3969 0.03758 0.023726 -0.042104 0.014879 -0.016727 -0.028735
